296 307
313 306
302 312
310 304
303 302
306 297
303 303
318 287
304 300
310 314
313 301
298 301
284 303
293 303
303 308
304 297
300 299
302 306
302 298
296 297
310 300
299 300
299 297
302 299
303 297
303 300
299 304
298 302
302 304
301 303
301 303
303 302
302 303
299 297
302 301
302 299
302 299
302 298
302 298
303 301
305 295
300 302
300 299
301 299
306 297
295 297
304 297
302 299
304 299
303 301
296 295
305 299
302 305
302 299
302 295
301 306
298 300
301 295
312 299
301 298
303 295
302 298
306 300
304 304
300 293
306 293
299 301
301 300
300 297
310 286
302 299
300 298
299 302
300 301
301 300
302 300
301 302
298 298
300 300
302 296
301 299
309 302
300 298
298 301
305 301
297 297
303 301
301 297
292 302
301 300
300 307
303 300
301 302
302 299
291 302
298 298
301 299
301 298
305 296
301 299
303 301
303 301
303 300
301 302
304 297
299 299
301 300
306 296
301 305
301 303
302 301
294 302
300 300
301 300
304 301
308 299
300 298
302 300
302 298
303 299
306 301
302 301
302 300
302 300
301 301
301 299
303 305
301 298
301 300
302 300
303 302
302 298
302 299
301 300
299 301
302 297
304 299
301 298
300 299
299 301
303 299
294 303
302 303
302 300
298 299
301 299
302 299
298 305
298 296
297 297
300 297
303 301
302 300
304 295
306 299
302 302
305 296
301 298
302 298
300 301
300 299
305 298
300 300
302 298
302 300
302 300
303 301
304 299
302 295
303 300
302 299
310 303
300 300
302 298
303 299
306 298
299 305
291 292
301 301
301 298
302 300
297 295
303 299
302 297
305 311
305 302
301 296
300 301
301 299
305 304
298 298
301 299
301 300
302 300
303 302
299 299
300 299
305 296
297 305
299 299
300 303
